(kicad_pcb (version 20171130) (host pcbnew "(5.1.9)-1")

  (general
    (thickness 1.6)
    (drawings 25)
    (tracks 114)
    (zones 0)
    (modules 25)
    (nets 14)
  )

  (page A4)
  (layers
    (0 F.Cu signal)
    (31 B.Cu signal)
    (32 B.Adhes user hide)
    (33 F.Adhes user hide)
    (34 B.Paste user hide)
    (35 F.Paste user hide)
    (36 B.SilkS user hide)
    (37 F.SilkS user)
    (38 B.Mask user hide)
    (39 F.Mask user)
    (40 Dwgs.User user hide)
    (41 Cmts.User user hide)
    (42 Eco1.User user hide)
    (43 Eco2.User user hide)
    (44 Edge.Cuts user)
    (45 Margin user hide)
    (46 B.CrtYd user hide)
    (47 F.CrtYd user hide)
    (48 B.Fab user hide)
    (49 F.Fab user hide)
  )

  (setup
    (last_trace_width 0.15)
    (trace_clearance 0.15)
    (zone_clearance 0.3)
    (zone_45_only no)
    (trace_min 0.15)
    (via_size 0.6)
    (via_drill 0.3)
    (via_min_size 0.6)
    (via_min_drill 0.3)
    (uvia_size 0.6)
    (uvia_drill 0.3)
    (uvias_allowed no)
    (uvia_min_size 0.6)
    (uvia_min_drill 0.1)
    (edge_width 0.15)
    (segment_width 0.15)
    (pcb_text_width 0.15)
    (pcb_text_size 1 1)
    (mod_edge_width 0.15)
    (mod_text_size 1 1)
    (mod_text_width 0.15)
    (pad_size 1.524 1.524)
    (pad_drill 0.762)
    (pad_to_mask_clearance 0.051)
    (solder_mask_min_width 0.25)
    (aux_axis_origin 0 0)
    (visible_elements 7FFFFFFF)
    (pcbplotparams
      (layerselection 0x010fc_ffffffff)
      (usegerberextensions false)
      (usegerberattributes false)
      (usegerberadvancedattributes false)
      (creategerberjobfile false)
      (excludeedgelayer true)
      (linewidth 0.100000)
      (plotframeref false)
      (viasonmask false)
      (mode 1)
      (useauxorigin false)
      (hpglpennumber 1)
      (hpglpenspeed 20)
      (hpglpendiameter 15.000000)
      (psnegative false)
      (psa4output false)
      (plotreference true)
      (plotvalue true)
      (plotinvisibletext false)
      (padsonsilk false)
      (subtractmaskfromsilk false)
      (outputformat 1)
      (mirror false)
      (drillshape 1)
      (scaleselection 1)
      (outputdirectory ""))
  )

  (net 0 "")
  (net 1 GND)
  (net 2 /EN)
  (net 3 /VCC_IN_SAFE)
  (net 4 /POL_MOS_CTRL)
  (net 5 /PG)
  (net 6 +5V)
  (net 7 /VCC_IN)
  (net 8 "Net-(D102-Pad1)")
  (net 9 "Net-(D102-Pad2)")
  (net 10 /VAUX)
  (net 11 /VCC_IN_FUSED)
  (net 12 /L1)
  (net 13 /L2)

  (net_class Default "This is the default net class."
    (clearance 0.15)
    (trace_width 0.15)
    (via_dia 0.6)
    (via_drill 0.3)
    (uvia_dia 0.6)
    (uvia_drill 0.3)
    (diff_pair_width 0.15)
    (diff_pair_gap 0.15)
    (add_net +5V)
    (add_net /EN)
    (add_net /L1)
    (add_net /L2)
    (add_net /PG)
    (add_net /POL_MOS_CTRL)
    (add_net /VAUX)
    (add_net /VCC_IN)
    (add_net /VCC_IN_FUSED)
    (add_net /VCC_IN_SAFE)
    (add_net GND)
    (add_net "Net-(D102-Pad1)")
    (add_net "Net-(D102-Pad2)")
  )

  (module Capacitor_SMD:C_0805_2012Metric (layer F.Cu) (tedit 5B36C52B) (tstamp 608E4F57)
    (at 158 98 270)
    (descr "Capacitor SMD 0805 (2012 Metric), square (rectangular) end terminal, IPC_7351 nominal, (Body size source: https://docs.google.com/spreadsheets/d/1BsfQQcO9C6DZCsRaXUlFlo91Tg2WpOkGARC1WS5S8t0/edit?usp=sharing), generated with kicad-footprint-generator")
    (tags capacitor)
    (path /604D825D)
    (attr smd)
    (fp_text reference C101 (at 1 1.5 90) (layer F.SilkS)
      (effects (font (size 1 1) (thickness 0.2)))
    )
    (fp_text value 22U_25V (at 0 1.65 270) (layer F.Fab)
      (effects (font (size 1 1) (thickness 0.2)))
    )
    (fp_line (start 1.68 0.95) (end -1.68 0.95) (layer F.CrtYd) (width 0.05))
    (fp_line (start 1.68 -0.95) (end 1.68 0.95) (layer F.CrtYd) (width 0.05))
    (fp_line (start -1.68 -0.95) (end 1.68 -0.95) (layer F.CrtYd) (width 0.05))
    (fp_line (start -1.68 0.95) (end -1.68 -0.95) (layer F.CrtYd) (width 0.05))
    (fp_line (start -0.258578 0.71) (end 0.258578 0.71) (layer F.SilkS) (width 0.12))
    (fp_line (start -0.258578 -0.71) (end 0.258578 -0.71) (layer F.SilkS) (width 0.12))
    (fp_line (start 1 0.6) (end -1 0.6) (layer F.Fab) (width 0.1))
    (fp_line (start 1 -0.6) (end 1 0.6) (layer F.Fab) (width 0.1))
    (fp_line (start -1 -0.6) (end 1 -0.6) (layer F.Fab) (width 0.1))
    (fp_line (start -1 0.6) (end -1 -0.6) (layer F.Fab) (width 0.1))
    (fp_text user %R (at 0 0 270) (layer F.Fab)
      (effects (font (size 1 1) (thickness 0.2)))
    )
    (pad 1 smd roundrect (at -0.9375 0 270) (size 0.975 1.4) (layers F.Cu F.Paste F.Mask) (roundrect_rratio 0.25)
      (net 3 /VCC_IN_SAFE))
    (pad 2 smd roundrect (at 0.9375 0 270) (size 0.975 1.4) (layers F.Cu F.Paste F.Mask) (roundrect_rratio 0.25)
      (net 1 GND))
    (model ${KISYS3DMOD}/Capacitor_SMD.3dshapes/C_0805_2012Metric.wrl
      (at (xyz 0 0 0))
      (scale (xyz 1 1 1))
      (rotate (xyz 0 0 0))
    )
  )

  (module Capacitor_SMD:C_0805_2012Metric (layer F.Cu) (tedit 5B36C52B) (tstamp 608E6DEC)
    (at 166 95 90)
    (descr "Capacitor SMD 0805 (2012 Metric), square (rectangular) end terminal, IPC_7351 nominal, (Body size source: https://docs.google.com/spreadsheets/d/1BsfQQcO9C6DZCsRaXUlFlo91Tg2WpOkGARC1WS5S8t0/edit?usp=sharing), generated with kicad-footprint-generator")
    (tags capacitor)
    (path /604E0D34)
    (attr smd)
    (fp_text reference C102 (at 0 1.5 270) (layer F.SilkS)
      (effects (font (size 1 1) (thickness 0.2)))
    )
    (fp_text value 22U_25V (at 0 1.65 90) (layer F.Fab)
      (effects (font (size 1 1) (thickness 0.2)))
    )
    (fp_line (start -1 0.6) (end -1 -0.6) (layer F.Fab) (width 0.1))
    (fp_line (start -1 -0.6) (end 1 -0.6) (layer F.Fab) (width 0.1))
    (fp_line (start 1 -0.6) (end 1 0.6) (layer F.Fab) (width 0.1))
    (fp_line (start 1 0.6) (end -1 0.6) (layer F.Fab) (width 0.1))
    (fp_line (start -0.258578 -0.71) (end 0.258578 -0.71) (layer F.SilkS) (width 0.12))
    (fp_line (start -0.258578 0.71) (end 0.258578 0.71) (layer F.SilkS) (width 0.12))
    (fp_line (start -1.68 0.95) (end -1.68 -0.95) (layer F.CrtYd) (width 0.05))
    (fp_line (start -1.68 -0.95) (end 1.68 -0.95) (layer F.CrtYd) (width 0.05))
    (fp_line (start 1.68 -0.95) (end 1.68 0.95) (layer F.CrtYd) (width 0.05))
    (fp_line (start 1.68 0.95) (end -1.68 0.95) (layer F.CrtYd) (width 0.05))
    (fp_text user %R (at 0 0 90) (layer F.Fab)
      (effects (font (size 1 1) (thickness 0.2)))
    )
    (pad 2 smd roundrect (at 0.9375 0 90) (size 0.975 1.4) (layers F.Cu F.Paste F.Mask) (roundrect_rratio 0.25)
      (net 1 GND))
    (pad 1 smd roundrect (at -0.9375 0 90) (size 0.975 1.4) (layers F.Cu F.Paste F.Mask) (roundrect_rratio 0.25)
      (net 6 +5V))
    (model ${KISYS3DMOD}/Capacitor_SMD.3dshapes/C_0805_2012Metric.wrl
      (at (xyz 0 0 0))
      (scale (xyz 1 1 1))
      (rotate (xyz 0 0 0))
    )
  )

  (module Capacitor_SMD:C_0805_2012Metric (layer F.Cu) (tedit 5B36C52B) (tstamp 608E3FDC)
    (at 169 95 90)
    (descr "Capacitor SMD 0805 (2012 Metric), square (rectangular) end terminal, IPC_7351 nominal, (Body size source: https://docs.google.com/spreadsheets/d/1BsfQQcO9C6DZCsRaXUlFlo91Tg2WpOkGARC1WS5S8t0/edit?usp=sharing), generated with kicad-footprint-generator")
    (tags capacitor)
    (path /6088DE45)
    (attr smd)
    (fp_text reference C103 (at 0 1.5 270) (layer F.SilkS)
      (effects (font (size 1 1) (thickness 0.2)))
    )
    (fp_text value 22U_25V (at 0 1.65 90) (layer F.Fab)
      (effects (font (size 1 1) (thickness 0.2)))
    )
    (fp_line (start 1.68 0.95) (end -1.68 0.95) (layer F.CrtYd) (width 0.05))
    (fp_line (start 1.68 -0.95) (end 1.68 0.95) (layer F.CrtYd) (width 0.05))
    (fp_line (start -1.68 -0.95) (end 1.68 -0.95) (layer F.CrtYd) (width 0.05))
    (fp_line (start -1.68 0.95) (end -1.68 -0.95) (layer F.CrtYd) (width 0.05))
    (fp_line (start -0.258578 0.71) (end 0.258578 0.71) (layer F.SilkS) (width 0.12))
    (fp_line (start -0.258578 -0.71) (end 0.258578 -0.71) (layer F.SilkS) (width 0.12))
    (fp_line (start 1 0.6) (end -1 0.6) (layer F.Fab) (width 0.1))
    (fp_line (start 1 -0.6) (end 1 0.6) (layer F.Fab) (width 0.1))
    (fp_line (start -1 -0.6) (end 1 -0.6) (layer F.Fab) (width 0.1))
    (fp_line (start -1 0.6) (end -1 -0.6) (layer F.Fab) (width 0.1))
    (fp_text user %R (at 0 0 90) (layer F.Fab)
      (effects (font (size 1 1) (thickness 0.2)))
    )
    (pad 1 smd roundrect (at -0.9375 0 90) (size 0.975 1.4) (layers F.Cu F.Paste F.Mask) (roundrect_rratio 0.25)
      (net 6 +5V))
    (pad 2 smd roundrect (at 0.9375 0 90) (size 0.975 1.4) (layers F.Cu F.Paste F.Mask) (roundrect_rratio 0.25)
      (net 1 GND))
    (model ${KISYS3DMOD}/Capacitor_SMD.3dshapes/C_0805_2012Metric.wrl
      (at (xyz 0 0 0))
      (scale (xyz 1 1 1))
      (rotate (xyz 0 0 0))
    )
  )

  (module Capacitor_SMD:C_0805_2012Metric (layer F.Cu) (tedit 5B36C52B) (tstamp 608FA958)
    (at 172 95 90)
    (descr "Capacitor SMD 0805 (2012 Metric), square (rectangular) end terminal, IPC_7351 nominal, (Body size source: https://docs.google.com/spreadsheets/d/1BsfQQcO9C6DZCsRaXUlFlo91Tg2WpOkGARC1WS5S8t0/edit?usp=sharing), generated with kicad-footprint-generator")
    (tags capacitor)
    (path /6088ECFA)
    (attr smd)
    (fp_text reference C104 (at 0 1.5 270) (layer F.SilkS)
      (effects (font (size 1 1) (thickness 0.2)))
    )
    (fp_text value 22U_25V (at 0 1.65 90) (layer F.Fab)
      (effects (font (size 1 1) (thickness 0.2)))
    )
    (fp_line (start -1 0.6) (end -1 -0.6) (layer F.Fab) (width 0.1))
    (fp_line (start -1 -0.6) (end 1 -0.6) (layer F.Fab) (width 0.1))
    (fp_line (start 1 -0.6) (end 1 0.6) (layer F.Fab) (width 0.1))
    (fp_line (start 1 0.6) (end -1 0.6) (layer F.Fab) (width 0.1))
    (fp_line (start -0.258578 -0.71) (end 0.258578 -0.71) (layer F.SilkS) (width 0.12))
    (fp_line (start -0.258578 0.71) (end 0.258578 0.71) (layer F.SilkS) (width 0.12))
    (fp_line (start -1.68 0.95) (end -1.68 -0.95) (layer F.CrtYd) (width 0.05))
    (fp_line (start -1.68 -0.95) (end 1.68 -0.95) (layer F.CrtYd) (width 0.05))
    (fp_line (start 1.68 -0.95) (end 1.68 0.95) (layer F.CrtYd) (width 0.05))
    (fp_line (start 1.68 0.95) (end -1.68 0.95) (layer F.CrtYd) (width 0.05))
    (fp_text user %R (at 0 0 90) (layer F.Fab)
      (effects (font (size 1 1) (thickness 0.2)))
    )
    (pad 2 smd roundrect (at 0.9375 0 90) (size 0.975 1.4) (layers F.Cu F.Paste F.Mask) (roundrect_rratio 0.25)
      (net 1 GND))
    (pad 1 smd roundrect (at -0.9375 0 90) (size 0.975 1.4) (layers F.Cu F.Paste F.Mask) (roundrect_rratio 0.25)
      (net 6 +5V))
    (model ${KISYS3DMOD}/Capacitor_SMD.3dshapes/C_0805_2012Metric.wrl
      (at (xyz 0 0 0))
      (scale (xyz 1 1 1))
      (rotate (xyz 0 0 0))
    )
  )

  (module Capacitor_SMD:C_0805_2012Metric (layer F.Cu) (tedit 5B36C52B) (tstamp 608FA947)
    (at 167 99)
    (descr "Capacitor SMD 0805 (2012 Metric), square (rectangular) end terminal, IPC_7351 nominal, (Body size source: https://docs.google.com/spreadsheets/d/1BsfQQcO9C6DZCsRaXUlFlo91Tg2WpOkGARC1WS5S8t0/edit?usp=sharing), generated with kicad-footprint-generator")
    (tags capacitor)
    (path /5F4B8E20)
    (attr smd)
    (fp_text reference C105 (at 4 0) (layer F.SilkS)
      (effects (font (size 1 1) (thickness 0.2)))
    )
    (fp_text value 100N_15V (at 0 1.65) (layer F.Fab)
      (effects (font (size 1 1) (thickness 0.2)))
    )
    (fp_line (start 1.68 0.95) (end -1.68 0.95) (layer F.CrtYd) (width 0.05))
    (fp_line (start 1.68 -0.95) (end 1.68 0.95) (layer F.CrtYd) (width 0.05))
    (fp_line (start -1.68 -0.95) (end 1.68 -0.95) (layer F.CrtYd) (width 0.05))
    (fp_line (start -1.68 0.95) (end -1.68 -0.95) (layer F.CrtYd) (width 0.05))
    (fp_line (start -0.258578 0.71) (end 0.258578 0.71) (layer F.SilkS) (width 0.12))
    (fp_line (start -0.258578 -0.71) (end 0.258578 -0.71) (layer F.SilkS) (width 0.12))
    (fp_line (start 1 0.6) (end -1 0.6) (layer F.Fab) (width 0.1))
    (fp_line (start 1 -0.6) (end 1 0.6) (layer F.Fab) (width 0.1))
    (fp_line (start -1 -0.6) (end 1 -0.6) (layer F.Fab) (width 0.1))
    (fp_line (start -1 0.6) (end -1 -0.6) (layer F.Fab) (width 0.1))
    (fp_text user %R (at 0 0) (layer F.Fab)
      (effects (font (size 1 1) (thickness 0.2)))
    )
    (pad 1 smd roundrect (at -0.9375 0) (size 0.975 1.4) (layers F.Cu F.Paste F.Mask) (roundrect_rratio 0.25)
      (net 10 /VAUX))
    (pad 2 smd roundrect (at 0.9375 0) (size 0.975 1.4) (layers F.Cu F.Paste F.Mask) (roundrect_rratio 0.25)
      (net 1 GND))
    (model ${KISYS3DMOD}/Capacitor_SMD.3dshapes/C_0805_2012Metric.wrl
      (at (xyz 0 0 0))
      (scale (xyz 1 1 1))
      (rotate (xyz 0 0 0))
    )
  )

  (module Diode_SMD:D_SOD-323 (layer F.Cu) (tedit 58641739) (tstamp 608EA6F7)
    (at 138 93 270)
    (descr SOD-323)
    (tags SOD-323)
    (path /6091C99C)
    (attr smd)
    (fp_text reference D101 (at -2.5 0 180) (layer F.SilkS)
      (effects (font (size 1 1) (thickness 0.2)))
    )
    (fp_text value D_TVS (at 0.1 1.9 270) (layer F.Fab)
      (effects (font (size 1 1) (thickness 0.2)))
    )
    (fp_line (start -1.5 -0.85) (end 1.05 -0.85) (layer F.SilkS) (width 0.12))
    (fp_line (start -1.5 0.85) (end 1.05 0.85) (layer F.SilkS) (width 0.12))
    (fp_line (start -1.6 -0.95) (end -1.6 0.95) (layer F.CrtYd) (width 0.05))
    (fp_line (start -1.6 0.95) (end 1.6 0.95) (layer F.CrtYd) (width 0.05))
    (fp_line (start 1.6 -0.95) (end 1.6 0.95) (layer F.CrtYd) (width 0.05))
    (fp_line (start -1.6 -0.95) (end 1.6 -0.95) (layer F.CrtYd) (width 0.05))
    (fp_line (start -0.9 -0.7) (end 0.9 -0.7) (layer F.Fab) (width 0.1))
    (fp_line (start 0.9 -0.7) (end 0.9 0.7) (layer F.Fab) (width 0.1))
    (fp_line (start 0.9 0.7) (end -0.9 0.7) (layer F.Fab) (width 0.1))
    (fp_line (start -0.9 0.7) (end -0.9 -0.7) (layer F.Fab) (width 0.1))
    (fp_line (start -0.3 -0.35) (end -0.3 0.35) (layer F.Fab) (width 0.1))
    (fp_line (start -0.3 0) (end -0.5 0) (layer F.Fab) (width 0.1))
    (fp_line (start -0.3 0) (end 0.2 -0.35) (layer F.Fab) (width 0.1))
    (fp_line (start 0.2 -0.35) (end 0.2 0.35) (layer F.Fab) (width 0.1))
    (fp_line (start 0.2 0.35) (end -0.3 0) (layer F.Fab) (width 0.1))
    (fp_line (start 0.2 0) (end 0.45 0) (layer F.Fab) (width 0.1))
    (fp_line (start -1.5 -0.85) (end -1.5 0.85) (layer F.SilkS) (width 0.12))
    (fp_text user %R (at 0 -1.85 270) (layer F.Fab)
      (effects (font (size 1 1) (thickness 0.2)))
    )
    (pad 1 smd rect (at -1.05 0 270) (size 0.6 0.45) (layers F.Cu F.Paste F.Mask)
      (net 3 /VCC_IN_SAFE))
    (pad 2 smd rect (at 1.05 0 270) (size 0.6 0.45) (layers F.Cu F.Paste F.Mask)
      (net 4 /POL_MOS_CTRL))
    (model ${KISYS3DMOD}/Diode_SMD.3dshapes/D_SOD-323.wrl
      (at (xyz 0 0 0))
      (scale (xyz 1 1 1))
      (rotate (xyz 0 0 0))
    )
  )

  (module Inductor_SMD:L_Taiyo-Yuden_NR-50xx_HandSoldering (layer F.Cu) (tedit 5990349D) (tstamp 608FA8CE)
    (at 161 92)
    (descr "Inductor, Taiyo Yuden, NR series, Taiyo-Yuden_NR-50xx, 4.9mmx4.9mm")
    (tags "inductor taiyo-yuden nr smd")
    (path /5F4B9710)
    (attr smd)
    (fp_text reference L101 (at 0 -3.45) (layer F.SilkS) hide
      (effects (font (size 1 1) (thickness 0.2)))
    )
    (fp_text value 1U (at 0 3.95) (layer F.Fab)
      (effects (font (size 1 1) (thickness 0.2)))
    )
    (fp_line (start 3.75 -2.75) (end -3.75 -2.75) (layer F.CrtYd) (width 0.05))
    (fp_line (start 3.75 2.75) (end 3.75 -2.75) (layer F.CrtYd) (width 0.05))
    (fp_line (start -3.75 2.75) (end 3.75 2.75) (layer F.CrtYd) (width 0.05))
    (fp_line (start -3.75 -2.75) (end -3.75 2.75) (layer F.CrtYd) (width 0.05))
    (fp_line (start -3.45 2.55) (end 3.45 2.55) (layer F.SilkS) (width 0.12))
    (fp_line (start -3.45 -2.55) (end 3.45 -2.55) (layer F.SilkS) (width 0.12))
    (fp_line (start -1.65 2.45) (end 0 2.45) (layer F.Fab) (width 0.1))
    (fp_line (start -2.45 1.65) (end -1.65 2.45) (layer F.Fab) (width 0.1))
    (fp_line (start -2.45 0) (end -2.45 1.65) (layer F.Fab) (width 0.1))
    (fp_line (start 1.65 2.45) (end 0 2.45) (layer F.Fab) (width 0.1))
    (fp_line (start 2.45 1.65) (end 1.65 2.45) (layer F.Fab) (width 0.1))
    (fp_line (start 2.45 0) (end 2.45 1.65) (layer F.Fab) (width 0.1))
    (fp_line (start 1.65 -2.45) (end 0 -2.45) (layer F.Fab) (width 0.1))
    (fp_line (start 2.45 -1.65) (end 1.65 -2.45) (layer F.Fab) (width 0.1))
    (fp_line (start 2.45 0) (end 2.45 -1.65) (layer F.Fab) (width 0.1))
    (fp_line (start -1.65 -2.45) (end 0 -2.45) (layer F.Fab) (width 0.1))
    (fp_line (start -2.45 -1.65) (end -1.65 -2.45) (layer F.Fab) (width 0.1))
    (fp_line (start -2.45 0) (end -2.45 -1.65) (layer F.Fab) (width 0.1))
    (fp_text user %R (at 0 0) (layer F.Fab)
      (effects (font (size 1 1) (thickness 0.2)))
    )
    (pad 1 smd rect (at -2.25 0) (size 2.4 4.2) (layers F.Cu F.Paste F.Mask)
      (net 12 /L1))
    (pad 2 smd rect (at 2.25 0) (size 2.4 4.2) (layers F.Cu F.Paste F.Mask)
      (net 13 /L2))
    (model ${KISYS3DMOD}/Inductor_SMD.3dshapes/L_Taiyo-Yuden_NR-50xx.wrl
      (at (xyz 0 0 0))
      (scale (xyz 1 1 1))
      (rotate (xyz 0 0 0))
    )
  )

  (module LED_SMD:LED_0805_2012Metric (layer F.Cu) (tedit 5B36C52C) (tstamp 608FA8B5)
    (at 183 93 270)
    (descr "LED SMD 0805 (2012 Metric), square (rectangular) end terminal, IPC_7351 nominal, (Body size source: https://docs.google.com/spreadsheets/d/1BsfQQcO9C6DZCsRaXUlFlo91Tg2WpOkGARC1WS5S8t0/edit?usp=sharing), generated with kicad-footprint-generator")
    (tags diode)
    (path /5F4C82CF)
    (attr smd)
    (fp_text reference D102 (at -2.5 0 180) (layer F.SilkS)
      (effects (font (size 1 1) (thickness 0.2)))
    )
    (fp_text value P_GOOD (at 0 1.65 270) (layer F.Fab)
      (effects (font (size 1 1) (thickness 0.2)))
    )
    (fp_line (start 1.68 0.95) (end -1.68 0.95) (layer F.CrtYd) (width 0.05))
    (fp_line (start 1.68 -0.95) (end 1.68 0.95) (layer F.CrtYd) (width 0.05))
    (fp_line (start -1.68 -0.95) (end 1.68 -0.95) (layer F.CrtYd) (width 0.05))
    (fp_line (start -1.68 0.95) (end -1.68 -0.95) (layer F.CrtYd) (width 0.05))
    (fp_line (start -1.685 0.96) (end 1 0.96) (layer F.SilkS) (width 0.12))
    (fp_line (start -1.685 -0.96) (end -1.685 0.96) (layer F.SilkS) (width 0.12))
    (fp_line (start 1 -0.96) (end -1.685 -0.96) (layer F.SilkS) (width 0.12))
    (fp_line (start 1 0.6) (end 1 -0.6) (layer F.Fab) (width 0.1))
    (fp_line (start -1 0.6) (end 1 0.6) (layer F.Fab) (width 0.1))
    (fp_line (start -1 -0.3) (end -1 0.6) (layer F.Fab) (width 0.1))
    (fp_line (start -0.7 -0.6) (end -1 -0.3) (layer F.Fab) (width 0.1))
    (fp_line (start 1 -0.6) (end -0.7 -0.6) (layer F.Fab) (width 0.1))
    (fp_text user %R (at 0 0 270) (layer F.Fab)
      (effects (font (size 1 1) (thickness 0.2)))
    )
    (pad 1 smd roundrect (at -0.9375 0 270) (size 0.975 1.4) (layers F.Cu F.Paste F.Mask) (roundrect_rratio 0.25)
      (net 8 "Net-(D102-Pad1)"))
    (pad 2 smd roundrect (at 0.9375 0 270) (size 0.975 1.4) (layers F.Cu F.Paste F.Mask) (roundrect_rratio 0.25)
      (net 9 "Net-(D102-Pad2)"))
    (model ${KISYS3DMOD}/LED_SMD.3dshapes/LED_0805_2012Metric.wrl
      (at (xyz 0 0 0))
      (scale (xyz 1 1 1))
      (rotate (xyz 0 0 0))
    )
  )

  (module Package_SON:Texas_S-PWSON-N10 (layer F.Cu) (tedit 5A8DFD69) (tstamp 608FA8A2)
    (at 162 98)
    (descr "3x3mm Body, 0.5mm Pitch, S-PWSON-N10, DSC, http://www.ti.com/lit/ds/symlink/tps63060.pdf")
    (tags "0.5 S-PWSON-N10 DSC")
    (path /5F4B6990)
    (attr smd)
    (fp_text reference U101 (at 0 -2.8) (layer F.SilkS) hide
      (effects (font (size 1 1) (thickness 0.2)))
    )
    (fp_text value TPS63061DSCT (at 0 2.8) (layer F.Fab)
      (effects (font (size 1 1) (thickness 0.2)))
    )
    (fp_line (start -1.65 1.65) (end -1.65 1.4) (layer F.SilkS) (width 0.12))
    (fp_line (start 1.65 1.4) (end 1.65 1.65) (layer F.SilkS) (width 0.12))
    (fp_line (start 1.65 -1.4) (end 1.65 -1.65) (layer F.SilkS) (width 0.12))
    (fp_line (start -1.65 1.65) (end -0.985 1.65) (layer F.SilkS) (width 0.12))
    (fp_line (start 0.985 -1.65) (end 1.65 -1.65) (layer F.SilkS) (width 0.12))
    (fp_line (start -1.65 -1.65) (end -0.985 -1.65) (layer F.SilkS) (width 0.12))
    (fp_line (start 0.985 1.65) (end 1.65 1.65) (layer F.SilkS) (width 0.12))
    (fp_line (start -2.15 2.03) (end 2.15 2.03) (layer F.CrtYd) (width 0.05))
    (fp_line (start -2.15 -2.03) (end 2.15 -2.03) (layer F.CrtYd) (width 0.05))
    (fp_line (start 2.15 -2.03) (end 2.15 2.03) (layer F.CrtYd) (width 0.05))
    (fp_line (start -2.15 -2.03) (end -2.15 2.03) (layer F.CrtYd) (width 0.05))
    (fp_line (start -0.7875 -1.575) (end 1.575 -1.575) (layer F.Fab) (width 0.1))
    (fp_line (start 1.575 -1.575) (end 1.575 1.575) (layer F.Fab) (width 0.1))
    (fp_line (start 1.575 1.575) (end -1.575 1.575) (layer F.Fab) (width 0.1))
    (fp_line (start -1.575 1.575) (end -1.575 -0.7875) (layer F.Fab) (width 0.1))
    (fp_line (start -0.7875 -1.575) (end -1.575 -0.7875) (layer F.Fab) (width 0.1))
    (fp_text user %R (at 0 0) (layer F.Fab)
      (effects (font (size 1 1) (thickness 0.2)))
    )
    (pad 11 smd rect (at -0.6 1.425) (size 0.25 0.7) (layers F.Cu F.Mask)
      (net 1 GND) (solder_paste_margin -0.05))
    (pad 11 smd rect (at 0.6 1.425) (size 0.25 0.7) (layers F.Cu F.Mask)
      (net 1 GND) (solder_paste_margin -0.05))
    (pad 11 smd rect (at -0.6 -1.425) (size 0.25 0.7) (layers F.Cu F.Mask)
      (net 1 GND) (solder_paste_margin -0.05))
    (pad 11 smd rect (at 0.6 -1.425) (size 0.25 0.7) (layers F.Cu F.Mask)
      (net 1 GND) (solder_paste_margin -0.05))
    (pad 1 smd oval (at -1.475 -1) (size 0.85 0.28) (layers F.Cu F.Paste F.Mask)
      (net 12 /L1) (solder_mask_margin 0.07) (solder_paste_margin -0.025))
    (pad 2 smd oval (at -1.475 -0.5) (size 0.85 0.28) (layers F.Cu F.Paste F.Mask)
      (net 3 /VCC_IN_SAFE) (solder_mask_margin 0.07) (solder_paste_margin -0.025))
    (pad 3 smd rect (at -1.76 0) (size 0.28 0.28) (layers F.Cu F.Paste F.Mask)
      (net 2 /EN) (solder_mask_margin 0.07) (solder_paste_margin -0.025))
    (pad 4 smd oval (at -1.475 0.5) (size 0.85 0.28) (layers F.Cu F.Paste F.Mask)
      (net 1 GND) (solder_mask_margin 0.07) (solder_paste_margin -0.025))
    (pad 5 smd rect (at -1.76 1) (size 0.28 0.28) (layers F.Cu F.Paste F.Mask)
      (net 5 /PG) (solder_mask_margin 0.07) (solder_paste_margin -0.025))
    (pad 6 smd oval (at 1.475 1) (size 0.85 0.28) (layers F.Cu F.Paste F.Mask)
      (net 10 /VAUX) (solder_mask_margin 0.07) (solder_paste_margin -0.025))
    (pad 7 smd oval (at 1.475 0.5) (size 0.85 0.28) (layers F.Cu F.Paste F.Mask)
      (net 1 GND) (solder_mask_margin 0.07) (solder_paste_margin -0.025))
    (pad 8 smd rect (at 1.76 0) (size 0.28 0.28) (layers F.Cu F.Paste F.Mask)
      (net 6 +5V) (solder_mask_margin 0.07) (solder_paste_margin -0.025))
    (pad 9 smd rect (at 1.76 -0.5) (size 0.28 0.28) (layers F.Cu F.Paste F.Mask)
      (net 6 +5V) (solder_mask_margin 0.07) (solder_paste_margin -0.025))
    (pad 10 smd rect (at 1.76 -1) (size 0.28 0.28) (layers F.Cu F.Paste F.Mask)
      (net 13 /L2) (solder_mask_margin 0.07) (solder_paste_margin -0.025))
    (pad 11 smd rect (at -0.2 -1.425) (size 0.25 0.7) (layers F.Cu F.Mask)
      (net 1 GND) (solder_paste_margin -0.05))
    (pad 11 smd rect (at 0.2 -1.425) (size 0.25 0.7) (layers F.Cu F.Mask)
      (net 1 GND) (solder_paste_margin -0.05))
    (pad 11 smd rect (at -0.2 1.425) (size 0.25 0.7) (layers F.Cu F.Mask)
      (net 1 GND) (solder_paste_margin -0.05))
    (pad 11 smd rect (at 0.2 1.425) (size 0.25 0.7) (layers F.Cu F.Mask)
      (net 1 GND) (solder_paste_margin -0.05))
    (pad 11 smd rect (at 0 0) (size 1.7 2.15) (layers F.Cu F.Mask)
      (net 1 GND))
    (pad 1 smd rect (at -1.76 -1) (size 0.28 0.28) (layers F.Cu F.Paste F.Mask)
      (net 12 /L1) (solder_mask_margin 0.07) (solder_paste_margin -0.025))
    (pad 2 smd rect (at -1.76 -0.5) (size 0.28 0.28) (layers F.Cu F.Paste F.Mask)
      (net 3 /VCC_IN_SAFE) (solder_mask_margin 0.07) (solder_paste_margin -0.025))
    (pad 3 smd oval (at -1.475 0) (size 0.85 0.28) (layers F.Cu F.Paste F.Mask)
      (net 2 /EN) (solder_mask_margin 0.07) (solder_paste_margin -0.025))
    (pad 4 smd rect (at -1.76 0.5) (size 0.28 0.28) (layers F.Cu F.Paste F.Mask)
      (net 1 GND) (solder_mask_margin 0.07) (solder_paste_margin -0.025))
    (pad 5 smd oval (at -1.475 1) (size 0.85 0.28) (layers F.Cu F.Paste F.Mask)
      (net 5 /PG) (solder_mask_margin 0.07) (solder_paste_margin -0.025))
    (pad 6 smd rect (at 1.76 1) (size 0.28 0.28) (layers F.Cu F.Paste F.Mask)
      (net 10 /VAUX) (solder_mask_margin 0.07) (solder_paste_margin -0.025))
    (pad 7 smd rect (at 1.76 0.5) (size 0.28 0.28) (layers F.Cu F.Paste F.Mask)
      (net 1 GND) (solder_mask_margin 0.07) (solder_paste_margin -0.025))
    (pad 8 smd oval (at 1.475 0) (size 0.85 0.28) (layers F.Cu F.Paste F.Mask)
      (net 6 +5V) (solder_mask_margin 0.07) (solder_paste_margin -0.025))
    (pad 9 smd oval (at 1.475 -0.5) (size 0.85 0.28) (layers F.Cu F.Paste F.Mask)
      (net 6 +5V) (solder_mask_margin 0.07) (solder_paste_margin -0.025))
    (pad 10 smd oval (at 1.475 -1) (size 0.85 0.28) (layers F.Cu F.Paste F.Mask)
      (net 13 /L2) (solder_mask_margin 0.07) (solder_paste_margin -0.025))
    (pad 11 smd rect (at -0.435 -0.56) (size 0.65 0.9) (layers F.Cu F.Paste F.Mask)
      (net 1 GND))
    (pad 11 smd rect (at 0.435 0.56) (size 0.65 0.9) (layers F.Cu F.Paste F.Mask)
      (net 1 GND))
    (pad 11 smd rect (at -0.435 0.56) (size 0.65 0.9) (layers F.Cu F.Paste F.Mask)
      (net 1 GND))
    (pad 11 smd rect (at 0.435 -0.56) (size 0.65 0.9) (layers F.Cu F.Paste F.Mask)
      (net 1 GND))
    (pad 11 smd rect (at -0.6 -1.425) (size 0.23 0.6) (layers F.Cu F.Paste F.Mask)
      (net 1 GND))
    (pad 11 smd rect (at -0.2 -1.425) (size 0.23 0.6) (layers F.Cu F.Paste F.Mask)
      (net 1 GND))
    (pad 11 smd rect (at 0.2 -1.425) (size 0.23 0.6) (layers F.Cu F.Paste F.Mask)
      (net 1 GND))
    (pad 11 smd rect (at 0.6 -1.425) (size 0.23 0.6) (layers F.Cu F.Paste F.Mask)
      (net 1 GND))
    (pad 11 smd rect (at -0.6 1.425) (size 0.23 0.6) (layers F.Cu F.Paste F.Mask)
      (net 1 GND))
    (pad 11 smd rect (at -0.2 1.425) (size 0.23 0.6) (layers F.Cu F.Paste F.Mask)
      (net 1 GND))
    (pad 11 smd rect (at 0.2 1.425) (size 0.23 0.6) (layers F.Cu F.Paste F.Mask)
      (net 1 GND))
    (pad 11 smd rect (at 0.6 1.425) (size 0.23 0.6) (layers F.Cu F.Paste F.Mask)
      (net 1 GND))
    (model ${KISYS3DMOD}/Package_SON.3dshapes/Texas_S-PWSON-N10.wrl
      (at (xyz 0 0 0))
      (scale (xyz 1 1 1))
      (rotate (xyz 0 0 0))
    )
  )

  (module Package_TO_SOT_SMD:SOT-23 (layer F.Cu) (tedit 5A02FF57) (tstamp 608FA864)
    (at 179 93 90)
    (descr "SOT-23, Standard")
    (tags SOT-23)
    (path /608D6E29)
    (attr smd)
    (fp_text reference Q102 (at 0 -2.5 90) (layer F.SilkS) hide
      (effects (font (size 1 1) (thickness 0.2)))
    )
    (fp_text value TP0610T (at 0 2.5 90) (layer F.Fab)
      (effects (font (size 1 1) (thickness 0.2)))
    )
    (fp_line (start -0.7 -0.95) (end -0.7 1.5) (layer F.Fab) (width 0.1))
    (fp_line (start -0.15 -1.52) (end 0.7 -1.52) (layer F.Fab) (width 0.1))
    (fp_line (start -0.7 -0.95) (end -0.15 -1.52) (layer F.Fab) (width 0.1))
    (fp_line (start 0.7 -1.52) (end 0.7 1.52) (layer F.Fab) (width 0.1))
    (fp_line (start -0.7 1.52) (end 0.7 1.52) (layer F.Fab) (width 0.1))
    (fp_line (start 0.76 1.58) (end 0.76 0.65) (layer F.SilkS) (width 0.12))
    (fp_line (start 0.76 -1.58) (end 0.76 -0.65) (layer F.SilkS) (width 0.12))
    (fp_line (start -1.7 -1.75) (end 1.7 -1.75) (layer F.CrtYd) (width 0.05))
    (fp_line (start 1.7 -1.75) (end 1.7 1.75) (layer F.CrtYd) (width 0.05))
    (fp_line (start 1.7 1.75) (end -1.7 1.75) (layer F.CrtYd) (width 0.05))
    (fp_line (start -1.7 1.75) (end -1.7 -1.75) (layer F.CrtYd) (width 0.05))
    (fp_line (start 0.76 -1.58) (end -1.4 -1.58) (layer F.SilkS) (width 0.12))
    (fp_line (start 0.76 1.58) (end -0.7 1.58) (layer F.SilkS) (width 0.12))
    (fp_text user %R (at 0 0 180) (layer F.Fab)
      (effects (font (size 1 1) (thickness 0.2)))
    )
    (pad 3 smd rect (at 1 0 90) (size 0.9 0.8) (layers F.Cu F.Paste F.Mask)
      (net 5 /PG))
    (pad 2 smd rect (at -1 0.95 90) (size 0.9 0.8) (layers F.Cu F.Paste F.Mask)
      (net 9 "Net-(D102-Pad2)"))
    (pad 1 smd rect (at -1 -0.95 90) (size 0.9 0.8) (layers F.Cu F.Paste F.Mask)
      (net 6 +5V))
    (model ${KISYS3DMOD}/Package_TO_SOT_SMD.3dshapes/SOT-23.wrl
      (at (xyz 0 0 0))
      (scale (xyz 1 1 1))
      (rotate (xyz 0 0 0))
    )
  )

  (module Package_TO_SOT_SMD:SOT-23 (layer F.Cu) (tedit 5A02FF57) (tstamp 608FA84F)
    (at 134 93 270)
    (descr "SOT-23, Standard")
    (tags SOT-23)
    (path /5F7F3597)
    (attr smd)
    (fp_text reference Q101 (at -2.5 0) (layer F.SilkS) hide
      (effects (font (size 1 1) (thickness 0.2)))
    )
    (fp_text value TP0610T (at 0 2.5 270) (layer F.Fab)
      (effects (font (size 1 1) (thickness 0.2)))
    )
    (fp_line (start 0.76 1.58) (end -0.7 1.58) (layer F.SilkS) (width 0.12))
    (fp_line (start 0.76 -1.58) (end -1.4 -1.58) (layer F.SilkS) (width 0.12))
    (fp_line (start -1.7 1.75) (end -1.7 -1.75) (layer F.CrtYd) (width 0.05))
    (fp_line (start 1.7 1.75) (end -1.7 1.75) (layer F.CrtYd) (width 0.05))
    (fp_line (start 1.7 -1.75) (end 1.7 1.75) (layer F.CrtYd) (width 0.05))
    (fp_line (start -1.7 -1.75) (end 1.7 -1.75) (layer F.CrtYd) (width 0.05))
    (fp_line (start 0.76 -1.58) (end 0.76 -0.65) (layer F.SilkS) (width 0.12))
    (fp_line (start 0.76 1.58) (end 0.76 0.65) (layer F.SilkS) (width 0.12))
    (fp_line (start -0.7 1.52) (end 0.7 1.52) (layer F.Fab) (width 0.1))
    (fp_line (start 0.7 -1.52) (end 0.7 1.52) (layer F.Fab) (width 0.1))
    (fp_line (start -0.7 -0.95) (end -0.15 -1.52) (layer F.Fab) (width 0.1))
    (fp_line (start -0.15 -1.52) (end 0.7 -1.52) (layer F.Fab) (width 0.1))
    (fp_line (start -0.7 -0.95) (end -0.7 1.5) (layer F.Fab) (width 0.1))
    (fp_text user %R (at 0 0) (layer F.Fab)
      (effects (font (size 1 1) (thickness 0.2)))
    )
    (pad 1 smd rect (at -1 -0.95 270) (size 0.9 0.8) (layers F.Cu F.Paste F.Mask)
      (net 4 /POL_MOS_CTRL))
    (pad 2 smd rect (at -1 0.95 270) (size 0.9 0.8) (layers F.Cu F.Paste F.Mask)
      (net 3 /VCC_IN_SAFE))
    (pad 3 smd rect (at 1 0 270) (size 0.9 0.8) (layers F.Cu F.Paste F.Mask)
      (net 11 /VCC_IN_FUSED))
    (model ${KISYS3DMOD}/Package_TO_SOT_SMD.3dshapes/SOT-23.wrl
      (at (xyz 0 0 0))
      (scale (xyz 1 1 1))
      (rotate (xyz 0 0 0))
    )
  )

  (module Resistor_SMD:R_0805_2012Metric (layer F.Cu) (tedit 5B36C52B) (tstamp 608FA83A)
    (at 141 95 270)
    (descr "Resistor SMD 0805 (2012 Metric), square (rectangular) end terminal, IPC_7351 nominal, (Body size source: https://docs.google.com/spreadsheets/d/1BsfQQcO9C6DZCsRaXUlFlo91Tg2WpOkGARC1WS5S8t0/edit?usp=sharing), generated with kicad-footprint-generator")
    (tags resistor)
    (path /5F7F24DD)
    (attr smd)
    (fp_text reference R101 (at 0 -1.5 90) (layer F.SilkS)
      (effects (font (size 1 1) (thickness 0.2)))
    )
    (fp_text value 100K (at 0 1.65 270) (layer F.Fab)
      (effects (font (size 1 1) (thickness 0.2)))
    )
    (fp_line (start -1 0.6) (end -1 -0.6) (layer F.Fab) (width 0.1))
    (fp_line (start -1 -0.6) (end 1 -0.6) (layer F.Fab) (width 0.1))
    (fp_line (start 1 -0.6) (end 1 0.6) (layer F.Fab) (width 0.1))
    (fp_line (start 1 0.6) (end -1 0.6) (layer F.Fab) (width 0.1))
    (fp_line (start -0.258578 -0.71) (end 0.258578 -0.71) (layer F.SilkS) (width 0.12))
    (fp_line (start -0.258578 0.71) (end 0.258578 0.71) (layer F.SilkS) (width 0.12))
    (fp_line (start -1.68 0.95) (end -1.68 -0.95) (layer F.CrtYd) (width 0.05))
    (fp_line (start -1.68 -0.95) (end 1.68 -0.95) (layer F.CrtYd) (width 0.05))
    (fp_line (start 1.68 -0.95) (end 1.68 0.95) (layer F.CrtYd) (width 0.05))
    (fp_line (start 1.68 0.95) (end -1.68 0.95) (layer F.CrtYd) (width 0.05))
    (fp_text user %R (at 0 0 270) (layer F.Fab)
      (effects (font (size 1 1) (thickness 0.2)))
    )
    (pad 2 smd roundrect (at 0.9375 0 270) (size 0.975 1.4) (layers F.Cu F.Paste F.Mask) (roundrect_rratio 0.25)
      (net 1 GND))
    (pad 1 smd roundrect (at -0.9375 0 270) (size 0.975 1.4) (layers F.Cu F.Paste F.Mask) (roundrect_rratio 0.25)
      (net 4 /POL_MOS_CTRL))
    (model ${KISYS3DMOD}/Resistor_SMD.3dshapes/R_0805_2012Metric.wrl
      (at (xyz 0 0 0))
      (scale (xyz 1 1 1))
      (rotate (xyz 0 0 0))
    )
  )

  (module Resistor_SMD:R_0805_2012Metric (layer F.Cu) (tedit 5B36C52B) (tstamp 608FA829)
    (at 155 99 270)
    (descr "Resistor SMD 0805 (2012 Metric), square (rectangular) end terminal, IPC_7351 nominal, (Body size source: https://docs.google.com/spreadsheets/d/1BsfQQcO9C6DZCsRaXUlFlo91Tg2WpOkGARC1WS5S8t0/edit?usp=sharing), generated with kicad-footprint-generator")
    (tags resistor)
    (path /6087A022)
    (attr smd)
    (fp_text reference R102 (at 0 1.5 270) (layer F.SilkS)
      (effects (font (size 1 1) (thickness 0.2)))
    )
    (fp_text value 100K (at 0 1.65 270) (layer F.Fab)
      (effects (font (size 1 1) (thickness 0.2)))
    )
    (fp_line (start 1.68 0.95) (end -1.68 0.95) (layer F.CrtYd) (width 0.05))
    (fp_line (start 1.68 -0.95) (end 1.68 0.95) (layer F.CrtYd) (width 0.05))
    (fp_line (start -1.68 -0.95) (end 1.68 -0.95) (layer F.CrtYd) (width 0.05))
    (fp_line (start -1.68 0.95) (end -1.68 -0.95) (layer F.CrtYd) (width 0.05))
    (fp_line (start -0.258578 0.71) (end 0.258578 0.71) (layer F.SilkS) (width 0.12))
    (fp_line (start -0.258578 -0.71) (end 0.258578 -0.71) (layer F.SilkS) (width 0.12))
    (fp_line (start 1 0.6) (end -1 0.6) (layer F.Fab) (width 0.1))
    (fp_line (start 1 -0.6) (end 1 0.6) (layer F.Fab) (width 0.1))
    (fp_line (start -1 -0.6) (end 1 -0.6) (layer F.Fab) (width 0.1))
    (fp_line (start -1 0.6) (end -1 -0.6) (layer F.Fab) (width 0.1))
    (fp_text user %R (at 0 0 270) (layer F.Fab)
      (effects (font (size 1 1) (thickness 0.2)))
    )
    (pad 1 smd roundrect (at -0.9375 0 270) (size 0.975 1.4) (layers F.Cu F.Paste F.Mask) (roundrect_rratio 0.25)
      (net 2 /EN))
    (pad 2 smd roundrect (at 0.9375 0 270) (size 0.975 1.4) (layers F.Cu F.Paste F.Mask) (roundrect_rratio 0.25)
      (net 1 GND))
    (model ${KISYS3DMOD}/Resistor_SMD.3dshapes/R_0805_2012Metric.wrl
      (at (xyz 0 0 0))
      (scale (xyz 1 1 1))
      (rotate (xyz 0 0 0))
    )
  )

  (module Resistor_SMD:R_0805_2012Metric (layer F.Cu) (tedit 5B36C52B) (tstamp 608FA818)
    (at 175 93 90)
    (descr "Resistor SMD 0805 (2012 Metric), square (rectangular) end terminal, IPC_7351 nominal, (Body size source: https://docs.google.com/spreadsheets/d/1BsfQQcO9C6DZCsRaXUlFlo91Tg2WpOkGARC1WS5S8t0/edit?usp=sharing), generated with kicad-footprint-generator")
    (tags resistor)
    (path /608D9063)
    (attr smd)
    (fp_text reference R103 (at -2 1.5 270) (layer F.SilkS)
      (effects (font (size 1 1) (thickness 0.2)))
    )
    (fp_text value 1M (at 0 1.65 90) (layer F.Fab)
      (effects (font (size 1 1) (thickness 0.2)))
    )
    (fp_line (start -1 0.6) (end -1 -0.6) (layer F.Fab) (width 0.1))
    (fp_line (start -1 -0.6) (end 1 -0.6) (layer F.Fab) (width 0.1))
    (fp_line (start 1 -0.6) (end 1 0.6) (layer F.Fab) (width 0.1))
    (fp_line (start 1 0.6) (end -1 0.6) (layer F.Fab) (width 0.1))
    (fp_line (start -0.258578 -0.71) (end 0.258578 -0.71) (layer F.SilkS) (width 0.12))
    (fp_line (start -0.258578 0.71) (end 0.258578 0.71) (layer F.SilkS) (width 0.12))
    (fp_line (start -1.68 0.95) (end -1.68 -0.95) (layer F.CrtYd) (width 0.05))
    (fp_line (start -1.68 -0.95) (end 1.68 -0.95) (layer F.CrtYd) (width 0.05))
    (fp_line (start 1.68 -0.95) (end 1.68 0.95) (layer F.CrtYd) (width 0.05))
    (fp_line (start 1.68 0.95) (end -1.68 0.95) (layer F.CrtYd) (width 0.05))
    (fp_text user %R (at 0 0 90) (layer F.Fab)
      (effects (font (size 1 1) (thickness 0.2)))
    )
    (pad 2 smd roundrect (at 0.9375 0 90) (size 0.975 1.4) (layers F.Cu F.Paste F.Mask) (roundrect_rratio 0.25)
      (net 5 /PG))
    (pad 1 smd roundrect (at -0.9375 0 90) (size 0.975 1.4) (layers F.Cu F.Paste F.Mask) (roundrect_rratio 0.25)
      (net 6 +5V))
    (model ${KISYS3DMOD}/Resistor_SMD.3dshapes/R_0805_2012Metric.wrl
      (at (xyz 0 0 0))
      (scale (xyz 1 1 1))
      (rotate (xyz 0 0 0))
    )
  )

  (module Resistor_SMD:R_0805_2012Metric (layer F.Cu) (tedit 5B36C52B) (tstamp 608FA807)
    (at 186 93 270)
    (descr "Resistor SMD 0805 (2012 Metric), square (rectangular) end terminal, IPC_7351 nominal, (Body size source: https://docs.google.com/spreadsheets/d/1BsfQQcO9C6DZCsRaXUlFlo91Tg2WpOkGARC1WS5S8t0/edit?usp=sharing), generated with kicad-footprint-generator")
    (tags resistor)
    (path /5F4C82D6)
    (attr smd)
    (fp_text reference R104 (at 2 -1.5 270) (layer F.SilkS)
      (effects (font (size 1 1) (thickness 0.2)))
    )
    (fp_text value 270 (at 0 1.65 90) (layer F.Fab)
      (effects (font (size 1 1) (thickness 0.2)))
    )
    (fp_line (start 1.68 0.95) (end -1.68 0.95) (layer F.CrtYd) (width 0.05))
    (fp_line (start 1.68 -0.95) (end 1.68 0.95) (layer F.CrtYd) (width 0.05))
    (fp_line (start -1.68 -0.95) (end 1.68 -0.95) (layer F.CrtYd) (width 0.05))
    (fp_line (start -1.68 0.95) (end -1.68 -0.95) (layer F.CrtYd) (width 0.05))
    (fp_line (start -0.258578 0.71) (end 0.258578 0.71) (layer F.SilkS) (width 0.12))
    (fp_line (start -0.258578 -0.71) (end 0.258578 -0.71) (layer F.SilkS) (width 0.12))
    (fp_line (start 1 0.6) (end -1 0.6) (layer F.Fab) (width 0.1))
    (fp_line (start 1 -0.6) (end 1 0.6) (layer F.Fab) (width 0.1))
    (fp_line (start -1 -0.6) (end 1 -0.6) (layer F.Fab) (width 0.1))
    (fp_line (start -1 0.6) (end -1 -0.6) (layer F.Fab) (width 0.1))
    (fp_text user %R (at 0 0 90) (layer F.Fab)
      (effects (font (size 1 1) (thickness 0.2)))
    )
    (pad 1 smd roundrect (at -0.9375 0 270) (size 0.975 1.4) (layers F.Cu F.Paste F.Mask) (roundrect_rratio 0.25)
      (net 8 "Net-(D102-Pad1)"))
    (pad 2 smd roundrect (at 0.9375 0 270) (size 0.975 1.4) (layers F.Cu F.Paste F.Mask) (roundrect_rratio 0.25)
      (net 1 GND))
    (model ${KISYS3DMOD}/Resistor_SMD.3dshapes/R_0805_2012Metric.wrl
      (at (xyz 0 0 0))
      (scale (xyz 1 1 1))
      (rotate (xyz 0 0 0))
    )
  )

  (module Resistor_SMD:R_1206_3216Metric (layer F.Cu) (tedit 5B301BBD) (tstamp 608E9F3C)
    (at 130 93 270)
    (descr "Resistor SMD 1206 (3216 Metric), square (rectangular) end terminal, IPC_7351 nominal, (Body size source: http://www.tortai-tech.com/upload/download/2011102023233369053.pdf), generated with kicad-footprint-generator")
    (tags resistor)
    (path /6091E05E)
    (attr smd)
    (fp_text reference F101 (at 0 1.5 90) (layer F.SilkS)
      (effects (font (size 1 1) (thickness 0.2)))
    )
    (fp_text value "FUSE 2A" (at 0 1.82 270) (layer F.Fab)
      (effects (font (size 1 1) (thickness 0.2)))
    )
    (fp_line (start 2.28 1.12) (end -2.28 1.12) (layer F.CrtYd) (width 0.05))
    (fp_line (start 2.28 -1.12) (end 2.28 1.12) (layer F.CrtYd) (width 0.05))
    (fp_line (start -2.28 -1.12) (end 2.28 -1.12) (layer F.CrtYd) (width 0.05))
    (fp_line (start -2.28 1.12) (end -2.28 -1.12) (layer F.CrtYd) (width 0.05))
    (fp_line (start -0.602064 0.91) (end 0.602064 0.91) (layer F.SilkS) (width 0.12))
    (fp_line (start -0.602064 -0.91) (end 0.602064 -0.91) (layer F.SilkS) (width 0.12))
    (fp_line (start 1.6 0.8) (end -1.6 0.8) (layer F.Fab) (width 0.1))
    (fp_line (start 1.6 -0.8) (end 1.6 0.8) (layer F.Fab) (width 0.1))
    (fp_line (start -1.6 -0.8) (end 1.6 -0.8) (layer F.Fab) (width 0.1))
    (fp_line (start -1.6 0.8) (end -1.6 -0.8) (layer F.Fab) (width 0.1))
    (fp_text user %R (at 0 0 270) (layer F.Fab)
      (effects (font (size 1 1) (thickness 0.2)))
    )
    (pad 1 smd roundrect (at -1.4 0 270) (size 1.25 1.75) (layers F.Cu F.Paste F.Mask) (roundrect_rratio 0.2)
      (net 7 /VCC_IN))
